==================================
gen:0.7046303744479541
dis:0.7046303744479541
gen:0.7921269973760261
dis:0.7064858963437881
gen:0.8139528544430004
dis:0.6885838546005356
gen:0.831097254169336
dis:0.6755246215939106
